$ANSIBLE_VAULT;1.1;AES256
66343136306332643865653038323861356439613162376361623433666234366264396638363839
6366613539396462653563363639313833383031316638300a303830616461323564393737333263
66396237646534626465353265373763356161643636336130373436313061623831663333646335
6365303361663732620a656130313431323030346561373134303965646331303839386132643730
36396339383330313561383566393437653130323564626366333562303865623430653937616633
39316466313631646665653835633739623564386464626633643562653265613965666163363835
31343166366236396363623661643163323434333732343734616434646335313264643264623733
62353762613465643832303735323036393536386432306661646439373731353163336163653061
32656435326565633862366533636133636630363232383730653864316536646534613438343261
65663463303238373430363131326330626364386362613030356638626331353934363332666461
36343563303434393433633734333631656439373762303662613939663038613430393133393932
63643264623535303163306565646530326333656537613631373739363432323264313938326331
37346538306535316435303132643132303564303261666461616631356532393334663934303663
32306266376433313632363739326465333536623566633136303938363730393466303939383739
38366535356131316636623164346139313032616332653431373261613835376164623835646663
63616162613431383764326361343636356562323435623361383933306531393162333233643939
38373237663861323038646365393662376565643136303434366132363930333162333035636438
36643264653339386364613730633436346233656464303662373633636130323238656463623763
38656237356130633863633263636566346331626263666265396663623733336135343434616638
61343963373366663335663166383632326633623934653231626636393431616337653230306262
35313737393734376265366233666139633732666133646231396136643566333261373161383839
31643233333165643365396363386438373566386339646264343265663531356234303462333532
62613562633133626466613962333262303236373037346631313031636661333538316534646666
61646639373164653266393933363065353935363663353831653764376564633730396462373462
3661
